1,
2,
3,
3,
4,
4,
4,
4,
4,
4,
4,
4,
4,
4,
4,
4,
4,
4,
4,
5,
5,
5,
6,
6,
7,
7,
8,
9,
9,
10,
11,
12,
12,
13,
14,
15,
16,
17,
18,
19,
21,
22,
23,
24,
26,
27,
29,
31,
32,
34,
36,
38,
41,
43,
45,
48,
51,
53,
56,
60,
63,
66,
70,
73,
77,
81,
85,
89,
94,
98,
102,
107,
112,
116,
121,
126,
131,
136,
141,
146,
151,
156,
161,
166,
170,
175,
180,
185,
189,
194,
198,
202,
206,
210,
214,
217,
221,
224,
227,
230,
232,
235,
237,
239,
241,
243,
245,
246,
247,
248,
249,
250,
251,
252,
252,
253,
253,
253,
253,
254,
254,
254,
254,
254,
255,
255,
255,
255