0,
18,
33,
45,
55,
62,
69,
74,
78,
81,
84,
87,
89,
91,
93,
94,
96,
98,
100,
101,
103,
105,
107,
109,
110,
112,
114,
116,
117,
119,
121,
122,
124,
125,
126,
127,
128,
129,
130,
131,
132,
133,
134,
135,
135,
136,
137,
137,
138,
139,
140,
140,
141,
142,
143,
144,
145,
145,
146,
147,
148,
149,
150,
151,
152,
153,
154,
155,
156,
157,
158,
159,
160,
161,
161,
162,
163,
164,
164,
165,
165,
166,
167,
167,
168,
168,
169,
170,
170,
171,
172,
173,
174,
175,
176,
177,
178,
179,
180,
181,
183,
184,
186,
187,
188,
190,
191,
192,
193,
194,
195,
196,
197,
198,
199,
199,
200,
201,
202,
203,
205,
208,
211,
215,
221,
229,
239,
252